# Attach there is a file with the values of the sky in mag/arcsec^2, 
# the FWHM (arcsec) of the moffat PSF and the beta value for the three bands. The
# order of the band is always g,r,i. The SDSS plate scale is 0.396127 ASEC/PIX
#
#galaxy	       skyg            skyr            skyi           fwhmg        fwhmr        fwhmi        betag        betar        betai
UGC00005       21.868068       20.919889       20.105134      1.86120      1.36620      1.40580      4.70000      4.40000      3.70000
NGC7819        21.996003       21.107872       20.451152      1.54440      1.30680      1.18800      2.80000      3.50000      5.20000
UGC00029       22.149548       21.191694       20.423834     0.966240     0.696960     0.795960      4.04000      2.06000      2.07000
UGC00029       22.149548       21.191694       20.423834     0.966240     0.696960     0.795960      4.04000      2.06000      2.07000
IC1528         21.843059       21.002841       20.372336      1.06524     0.989208     0.870408      7.74000      3.79000      7.21200
NGC7824        21.739588       20.842116       20.082949      1.16028      1.02564     0.993960      5.50000      4.90000      6.70000
UGC00036       21.775565       21.038131       20.478127     0.871200     0.752400     0.681120      9.74000      5.03000      8.03000
NGC0001        22.159150       21.187672       20.409718      1.08900      1.03752      1.11276      11.2000      8.40000      4.40000
NGC0023        21.990525       21.221386       20.669589      1.50401      1.35986      1.31630      3.24000      3.53880      3.67800
NGC0036        21.788888       21.062482       20.529882     0.968616     0.742104     0.932184      6.70200      4.79400      4.31400
UGC00139       21.674310       20.776807       19.860360      1.16820     0.990000     0.871200      4.10000      6.50000      4.50000
MCG-02-02-030  21.616688       20.606624       19.790552      1.70993      1.35274      1.14761      4.16600      3.51600      4.81400
UGC00312       21.945850       21.067130       20.408227      1.69686      1.44540      1.24740      4.08000      6.97000      3.06000
NGC0155        21.602524       20.564820       19.719615      1.61568      1.48104      1.52064      6.83000      3.70000      4.14000
ESO540-G003    21.847421       20.850924       20.094435      1.62360      1.34640      1.24740      8.10000      5.00000      4.50000
NGC0160       22.188749       21.252552       20.484983      1.58400      1.45728      1.40976      4.00000      5.00000      4.00000
NGC0165       21.643050       20.579059       19.655069      1.18008     0.899712     0.876744      3.98400      5.47800      5.95000
NGC0171       21.857589       20.841545       20.098030      1.65132      1.36858      1.24819      9.44200      3.60800      4.32000
NGC0180       21.990971       20.875784       20.020544      1.43194      1.19196      1.26878      3.84800      3.83000      3.29600
NGC0192       21.733625       20.903656       20.103171      1.26720      1.10484      1.21176      5.80000      4.40000      5.80000
NGC0214       22.024006       21.227030       20.604297      1.47946      1.40263      1.26403      3.66400      3.95200      3.40000
NGC0237       21.766991       20.710919       19.934428      1.22760     0.938520     0.831600      4.04000      5.80000      3.80000
NGC0234       21.796881       20.701648       19.915579      1.48500      1.10088      1.16820      3.02000      2.30000      3.60000
NGC0257       21.945867       21.081468       20.453707      1.10880      1.00980     0.990000      6.10000      5.20000      7.20000
NGC0309       21.653408       20.553101       19.636951      1.16424     0.993960     0.914760      5.50000      5.10000      5.20000
NGC0364       21.791739       20.845838       19.926460      1.17216      1.05732     0.974160      2.49000      3.61000      3.06000
NGC0447       22.372465       21.581977       20.965238      1.33848      1.19592      1.09296      5.57000      2.84000      3.51000
NGC0477       22.418381       21.371847       20.559609      1.18800      1.03752      1.06920      3.27000      5.53000      4.81000
IC1683       22.389179       21.542489       20.890934      1.19196      1.08900      1.03752      7.20000      5.90000      5.96000
NGC0499       22.344230       21.551138       20.926840      1.10880      1.27908      1.11672      4.96000      4.83000      4.82000
NGC0499       22.344230       21.551138       20.926840      1.10880      1.27908      1.11672      4.96000      4.83000      4.82000
NGC0496       22.360703       21.571234       20.938626      1.14444      1.19196      1.05336      3.34000      2.75000      5.28000
NGC0517       22.384958       21.415166       20.609412      1.19196      1.20780      1.04940      6.20000      6.18000      2.62000
UGC00987       22.380233       21.428431       20.664369      1.14840      1.19196      1.23156      3.10000      6.20000      5.50000
NGC0528       22.366750       21.296698       20.945200      1.31076      1.28304      1.25928      5.91000      6.12000      7.92000
NGC0551       22.389554       21.384635       20.555920      1.13256     0.986040      1.07316      4.84000      3.71000      4.58000
NGC0570       21.722112       20.746548       20.204505      1.11910     0.989208     0.933768      2.92800      3.30000      2.49200
IC0159       21.731776       20.637274       19.752673      1.26720      2.01960      1.14840      4.30000      7.00000      5.20000
UGC01271       21.640758       20.750420       20.136881      1.28700      1.20780      1.19196      3.22000      3.18000      4.72000
UGCA021       21.789528       20.603346       19.659669      1.44936      1.16028      1.33056      3.33000      4.87000      2.99000
NGC0677       21.706230       20.604304       19.848070      1.31868      1.19592      1.19988      11.7000      2.93000      3.98000
NGC0716       21.624878       20.733816       20.154753      1.24740      1.14840      1.10880      4.50000      5.10000      4.30000
UGC01368       22.059781       20.826529       19.856462      1.38600      1.34640      1.54440      4.00000      10.7000      4.10000
NGC0731       21.865752       20.665780       19.769357      1.60776      1.69884      1.10484      3.25000      3.17000      2.06000
NGC0755       21.860988       20.672076       19.818606      1.22760      1.22760      1.06920      4.10000      3.90000      6.70000
NGC0768       21.871599       21.038332       20.290375      1.02960      1.10880     0.950400      3.70000      7.30000      3.50000
NGC0774       21.743823       20.627258       19.838910      1.25136      1.04544     0.938520      4.17000      7.09000      4.48000
NGC0776       22.262285       21.301350       20.546591      1.24740      1.27116      1.15632      4.07000      2.85000      4.05000
NGC0787       21.866910       20.770219       19.897178      1.22364      1.06524      1.00584      4.68000      4.63000      4.18000
NGC0842       21.861530       20.892948       20.288291      1.34640      1.58400      1.51272      3.54000      10.4000      5.36000
UGC01659       21.960334       21.015049       20.474065      1.10880      1.04148     0.910800      4.00000      4.50000      4.30000
KUG0210-078       21.873136       20.897260       20.285872      1.30284      1.49371      1.44936      2.86000      8.09600      6.66000
NGC0873       22.033736       20.767585       19.954985      1.18800      1.10880      1.14840      5.70000      4.50000      5.60000
NGC0924       22.084890       21.145459       20.315954      1.10484      1.06920     0.883080      4.05000      2.63000      1.93000
UGC01918       21.965552       20.937578       20.306249      1.10880      1.02960     0.990000      3.50000      2.50000      4.00000
NGC0932       22.094038       21.153494       20.327302      1.04544      1.02960     0.930600      2.42000      3.99000      2.53000
NGC0932       22.094038       21.153494       20.327302      1.04544      1.02960     0.930600      2.42000      3.99000      2.53000
NGC0941       21.918203       21.120209       20.413826      1.15632      1.05732      1.09692      4.20000      6.50000      7.00000
NGC0938       22.096931       21.159365       20.338686      1.04940      1.05336     0.982080      3.34000      5.85000      4.97000
NGC0962       21.974475       20.901202       20.245596      1.29096      1.08504      1.04544      3.88000      3.28000      5.67000
NGC0962       21.974475       20.901202       20.245596      1.29096      1.08504      1.04544      3.88000      3.28000      5.67000
NGC0976       22.097531       21.125197       20.344257      1.12385     0.937728     0.856944      8.51800      8.13200      7.90400
NGC0991       21.639081       20.473004       19.717332      1.52064      1.48500      1.65924      5.00000      4.30000      5.20000
UGC02099       22.073596       21.136316       20.333278      1.05336     0.958320     0.788040      6.40000      7.00000      5.80000
UGC02099       22.073596       21.136316       20.333278      1.05336     0.958320     0.788040      6.40000      7.00000      5.80000
UGC02134       21.939345       20.888672       20.259335      1.25294      1.21414      1.10484      4.63800      5.43200      4.06600
NGC1026       21.809662       20.649717       20.105347      1.03356     0.914760     0.752400      2.52000      5.19000      5.07000
NGC1060       21.946066       20.836949       20.142676      1.23156      1.08900      1.15236      6.41000      4.79000      4.32000
NGC1060       21.946066       20.836949       20.142676      1.23156      1.08900      1.15236      6.41000      4.79000      4.32000
NGC1070       22.149492       20.973501       20.084742      1.11355     0.993960     0.891792      3.35800      5.24400      6.34800
UGC02222       21.987229       20.715518       20.136617      1.23156      1.08900      1.10484      6.41000      4.79000      4.60000
UGC02229       21.907396       21.123409       20.382905      1.12464      1.03356      1.12068      11.4000      6.40000      3.89000
NGC1094       21.905043       21.078783       20.364975      1.10880     0.950400     0.871200      4.30000      4.50000      3.50000
NGC1093       22.015646       20.893437       20.220732      1.04544     0.966240      1.02168      5.35000      4.12000      3.85000
UGC02311       21.620808       20.646790       20.106977      1.22998      1.07791     0.979704      3.69200      3.54200      5.85400
NGC1132       22.046942       20.886353       20.109583      1.06128      1.64340      1.71864      6.67000      5.44000      6.60000
NGC1132       22.046942       20.886353       20.109583      1.06128      1.64340      1.71864      6.67000      5.44000      6.60000
UGC02367       21.788903       20.602294       20.077036      1.01772     0.847440     0.704880      5.50000      6.20000      3.90000
UGC02403       21.624041       20.633751       20.071803      1.10880      1.18800      1.00188      5.27000      4.33000      4.82000
UGC02405       21.801183       20.607659       20.076404     0.950400      1.78200      1.10880      6.50000      5.00000      6.00000
UGC02443       22.151838       21.111963       20.599327      1.38600      1.14840      1.05336      5.00000      6.00000      5.60000
NGC1167       21.988679       20.891729       20.206079      1.24344      1.28700      1.29492      3.85000      8.31000      6.15000
NGC1167       21.988679       20.891729       20.206079      1.24344      1.28700      1.29492      3.85000      8.31000      6.15000
NGC1211       21.896213       21.114742       20.362877      1.06128      1.06920      1.06920      5.60000      5.20000      8.20000
MCG-01-09-006       21.672083       20.484450       19.693576      1.21730      1.17850      1.02960      8.33000      9.59400      7.02800
IC0307       21.885862       21.093190       20.396586      1.10484     0.946440     0.938520      4.80000      5.40000      5.10000
UGC02690       21.908712       21.120349       20.394545      1.08900      1.06920      1.08900      4.00000      8.00000      9.70000
NGC1324       21.676601       20.562921       19.827541      1.31710      1.52460      1.54598      4.72200      6.66400      5.22000
NGC1349       22.116045       21.110346       20.350829      1.64340      1.64340      1.23552      4.10000      4.29000      2.59000
NGC1361       21.694535       20.555447       19.798300      1.21176      1.15236      1.12464      8.60000      5.80000      12.8000
MCG-01-10-015       20.854221       20.565952       19.813060      1.18800      1.42560      1.52460      3.70000      5.10000      4.50000
MCG-01-10-019       21.822344       20.706310       19.848383      1.23394      1.07395      1.01178      3.89200      6.94000      5.76250
NGC1645       22.206093       20.991691       20.324737      1.56420      1.24344      1.05732      4.49000      3.76000      3.52000
NGC1659       22.214928       21.001939       20.335376      1.20780      1.24740      1.28700      4.40000      4.10000      3.90000
NGC1665       22.198113       20.975292       20.333444      1.51668      1.28304      1.53252      3.58000      4.23000      3.81000
NGC1666       22.206172       21.162387       20.543286      1.04544     0.958320     0.819720      5.68000      4.55000      4.05000
NGC1667       22.200340       20.984021       20.345060      1.21889      1.35274      1.20859      5.15400      4.08600      3.92600
NGC1677       22.220996       21.192454       20.555978     0.990000     0.914760     0.914760      4.20000      6.10000      6.10000
UGC03253       21.954425       20.638176       19.710878      1.24740      1.16820      1.38600      2.55000      3.50000      4.00000
NGC2253       22.275486       21.062935       20.280038     0.988416     0.902880     0.768240      7.12000      4.67600      4.17600
NGC2347       22.166451       20.894307       20.255177     0.894168      1.02326      1.09217      4.03400      5.60400      6.46400
NGC2410       21.997900       21.049354       20.350875      1.34086      1.15078      1.08029      4.58200      3.39600      3.15200
UGC03944       21.023129       20.706239       20.251454      1.30680      1.22760      1.14840      4.66000      2.94000      4.13000
UGC03973       21.974551       21.051145       20.443981      1.22285     0.795960     0.798336      7.09200      8.14200      8.24200
UGC03995       21.862126       20.938874       20.291477      1.29175      1.18325      1.13731      3.18000      2.56600      2.48800
NGC2449       21.663257       20.644474       20.062226      1.31868      1.10484      1.21572      4.03000      2.37000      2.83000
NGC2476       21.462192       20.557468       20.043642      1.10880      1.34244      1.14840      4.46000      4.15000      5.57000
NGC2486       21.823510       20.518939       19.652521      1.14048     0.898920     0.879120      5.30000      4.44000      5.41000
NGC2487       21.825063       20.520972       19.656093      1.16345     0.891000     0.910008      9.26000      5.96800      6.53000
UGC04132       21.831618       20.971624       20.529297      1.20542      1.15949     0.960696      5.33200      4.36400      4.36400
UGC04145       22.059212       20.981941       20.290544      1.31472      1.18800      1.06920      4.10000      3.40000      6.00000
NGC2513       22.181666       21.126767       20.369698      1.03356      1.01376     0.978120      5.06000      7.73000      5.04000
NGC2513       22.181666       21.126767       20.369698      1.03356      1.01376     0.978120      5.06000      7.73000      5.04000
UGC04195       22.259570       20.996810       20.137663      1.02960     0.990000     0.863280      7.00000      4.30000      4.50000
NGC2530       21.600107       20.450588       19.743805      1.18404      1.10880     0.962280      4.50000      10.7400      14.2000
NGC2540       21.811477       20.589962       19.784827      1.40184      1.01772     0.922680      4.40000      5.70000      4.60000
NGC2543       21.824393       20.986896       20.573473      1.24661      1.12306     0.927432      5.17400      2.79800      8.18600
UGC04308       21.998777       21.166530       20.440872      1.42560      1.34640      1.22760      4.10000      4.80000      3.90000
NGC2553       21.779005       20.968391       20.478754      1.36303      1.14048      1.06128      3.67000      3.42000      4.15200
UGC04262       22.167002       20.880484       20.013709      1.35274      1.19434      1.25928      3.73800      3.30000      3.06600
NGC2558       21.850241       20.925732       20.424983      1.06762     0.980496     0.836352      4.83200      6.69400      5.64800
NGC2565       21.997973       21.163918       20.418471      1.56103      1.33690      1.29967      4.22800      3.84000      3.38000
NGC2572       21.609707       20.453326       19.776145      1.09296      1.02960     0.871200      6.10000      6.00000      4.50000
UGC04375       22.005448       21.156753       20.403690      1.44540      1.38758      1.16622      4.21400      3.66200      3.69400
IC2341       21.783243       20.920965       20.459599      1.77804      1.31076      1.32264      3.66000      3.66000      3.06000
NGC2592       21.944902       21.062453       20.360803      1.13256     0.970200     0.978120      4.70000      2.30000      5.65000
NGC2596       22.010892       20.938835       20.254632      1.11038     0.944856     0.897336      5.55600      3.14600      4.46200
NGC2595       21.793445       20.962021       20.453005      1.50480      1.60380      1.62360      4.20000      4.40000      4.00000
UGC04461       21.678732       20.737175       20.198280      1.30680      1.22918      1.15315      5.07600      6.76600      5.01200
NGC2604       21.962572       20.984779       20.353299      1.62756      1.19592      1.11672      3.72000      2.61000      2.81000
NGC2639       21.788972       20.851958       20.314323      1.22760      1.22760      1.14840      2.90000      2.90000      6.40000
NGC2730       21.963016       21.107865       20.346186      1.31868      1.21176      1.02960      3.90000      4.60000      4.80000
NGC2805       21.917394       20.532293       19.799294      1.12860     0.902880     0.934560      5.30000      5.00000      4.80000
NGC2880      -2.3887026      -3.3817685      -3.6761897      1.27512      1.09296      1.07316      4.24000      3.39000      3.74000
NGC2906       21.939215       21.094868       20.438992      1.23156      1.12702      1.13494      2.96400      3.56800      4.33400
NGC2916       21.990386       20.927122       19.812031      1.01614     0.910008     0.850608      6.49800      4.79800      5.07000
UGC05108       21.805432       20.895396       20.512895      1.18800      1.01772      1.00980      4.81000      5.06000      4.57000
NGC2918       22.105586       21.183811       20.371969      1.49292      1.24740      1.14444      3.43000      6.19000      4.03000
UGC05358       22.060659       21.071118       20.256074      1.54044      1.35828      1.36224      4.03000      4.34000      5.50000
UGC05359       22.013840       21.114286       20.511918      1.18008      1.00980      1.10880      4.10000      4.10000      5.20000
UGC05396       21.955416       21.125675       20.456399      1.05336      1.14840      1.08900      3.90000      4.20000      4.10000
NGC3106       21.968612       20.735238       19.858792      1.90080      1.50480      1.38600      4.50000      8.10000      2.60000
NGC3057       21.993154       20.844932       20.053117      1.75824      1.72062      1.43946      4.96500      6.45700      4.25500
NGC3158       21.380762       21.141621       20.328078      1.41372      1.45332      1.25532      2.38000      4.43000      2.64000
UGC05520       21.665394       20.711521       20.049414      1.34640      1.38600      1.34640      7.90000      5.80000      7.10000
NGC3182       22.102006       20.961762       20.031499      1.49292      1.39788      1.30680      3.90000      4.84000      4.63000
NGC3300       22.043296       21.012697       20.096896     0.926640      1.01376      1.04940      3.35000      4.45000      6.26000
UGC05771       21.944434       20.695950       19.989025      1.34640      1.27512      1.21968      3.10000      2.80000      3.70000
NGC3381       22.061091       21.085608       20.464243      1.29492      1.22760      1.00584      4.67000      6.20000      2.54000
IC0674       22.130736       21.216607       20.681515      1.19592      1.09692      1.01376      5.00000      4.50000      7.30000
UGC06312       21.714068       20.889643       20.386390      1.18404     0.986040     0.986040      5.40000      5.30000      6.20000
NGC3615       22.092843       20.982282       20.176760      1.20384      1.18404      1.02168      4.16000      6.07000      4.43000
NGC3615       22.092843       20.982282       20.176760      1.20384      1.18404      1.02168      4.16000      6.07000      4.43000
NGC3614       22.111027       21.161798       20.400304      1.18958      1.32502      1.10167      3.82400      4.57200      4.70600
NGC3687       22.225875       20.925627       19.870767      1.15870     0.868032     0.871992      6.29600      4.16600      6.24400
NGC3811       22.139582       21.169634       20.347235      1.23314      1.15315      1.10167      4.31600      3.04600      3.63200
NGC3815       22.136290       21.049044       20.264236      1.10880     0.910800     0.792000      6.50000      5.50000      6.70000
NGC3994       22.077627       21.112733       20.566791      1.32264      1.12860     0.990000      4.08000      5.03000      5.30000
NGC4003       22.028972       21.018509       20.391041     0.993960      1.12068      1.06524      2.39000      2.02000      6.40000
UGC07012       22.252230       21.104975       20.553759      1.27908     0.938520      1.16028      2.08000      4.53000      4.44000
NGC4047       21.969145       20.731660       20.012835     0.940896      1.17295     0.822888      4.09000      5.01000      3.60000
UGC07145       22.119087       21.137100       20.462574      1.22760      1.16820      1.03356      4.30000      4.20000      3.60000
NGC4185       22.246600       21.108784       20.314506      1.21889      1.16266      1.08108      4.63200      2.73600      3.76000
NGC4210       22.104317       21.085299       20.283544      1.37174      1.27108      1.17533      4.27600      4.90800      4.42800
IC0776       21.913916       21.061114       20.507929      1.58796      1.16820      1.16028      2.62000      3.30000      4.44000
NGC4470       21.658936       20.722211       20.141067      1.18800      1.18800      1.04148      4.70000      5.30000      4.25000
NGC4644       21.960708       21.137945       20.637978      1.17216      1.16820      1.06920      5.20000      3.40000      4.00000
NGC4711       22.130270       21.074242       20.370500     0.898920      1.11276      1.03356      3.19000      2.89000      3.85000
UGC08004       22.156042       21.170338       20.601520      1.33452     0.990000     0.990000      4.70000      5.30000      5.10000
NGC4816       20.915739       21.093587       20.768439      1.30284      1.10484     0.894960      5.13000      3.23000      3.48000
NGC4816       20.915739       21.093587       20.768439      1.30284      1.02564     0.894960      5.13000      3.23000      3.48000
NGC4956       22.237071       21.305286       20.665635      1.29492      1.17216      1.06524      3.26000      3.11000      3.54000
NGC4961       21.988658       21.001900       20.094097      1.06920     0.902880     0.792000      9.55000      3.09000      5.50000
UGC08231       21.913257       20.882267       20.316293      1.24344      1.07415     0.902880      7.72000      10.9900      1.57000
UGC08234       22.185265       21.167130       20.295425      1.12464      1.23156      1.28304      3.92000      2.56000      3.34000
NGC5000       22.110313       21.182192       20.359201      1.13810      1.08979      1.30046      7.18600      8.90200      5.20000
NGC5016       22.138775       21.115368       20.576302      1.31947      1.29492      1.25532      5.06400      3.48600      2.97800
NGC5029       22.206166       21.097288       20.357175     0.910800     0.871200     0.831600      4.70000      5.06000      2.70000
NGC5056       22.131290       21.122087       20.135078      1.58400      1.43352      1.29492      4.80000      4.70000      5.10000
NGC5157       22.209736       21.200892       20.610279      1.27512      1.32660      1.25532      4.70000      4.80000      4.90000
NGC5205       22.224144       21.180301       20.293708      1.68934      1.29571      1.33056      5.12200      4.83200      4.95000
NGC5198       22.201211       21.127481       20.258699      1.26720      1.10880      1.06920      3.50000      4.30000      4.70000
NGC5267       22.010947       21.070342       20.317320      1.23552      1.05732      1.01376      3.60000      4.90000      6.80000
NGC5289       22.398561       21.436877       20.502765      1.09692      1.14840      1.04544      6.60000      5.20000      6.20000
UGC08733       22.247450       21.316496       20.722056      2.58192     0.938520     0.871200      10.6200      4.40000      1.72000
NGC5320       21.976645       21.052686       20.342586      1.28938      1.21334      1.15870      4.21000      3.65200      2.95200
IC0944       21.352422       20.983397       20.208259      1.05336     0.851400     0.792000      6.00000      6.70000      5.10000
UGC08781       22.095308       21.061822       20.408961      1.01851     0.989208     0.879120      4.67800      6.72600      8.25400
NGC5376       22.140704       21.130218       20.369022      1.16028      1.13652      1.07316      6.40000      4.90000      6.30000
NGC5379       22.252710       21.182865       20.246797      1.66320      1.50084      1.25928      5.50000      4.90000      5.70000
NGC5378       22.585612       21.404366       20.723463     0.970200     0.872784     0.793584      4.77800      6.22800      3.92400
NGC5406       22.355332       21.425633       20.585202      1.00109     0.912384     0.781704      5.17600      9.25800      7.27200
NGC5443       22.147353       21.053535       20.242822      1.14048      1.08504      1.00980      5.40000      3.10000      4.60000
NGC5423       21.624100       20.768390       20.391583      1.08029     0.929016     0.915552      5.27800      4.44800      5.88200
NGC5423       21.624100       20.768390       20.391583      1.08029     0.929016     0.915552      5.27800      4.44800      5.88200
NGC5473       21.856290       21.044626       20.491326      1.21968      1.07316      1.00980      5.86000      3.62000      6.10000
NGC5480       22.055241       20.779628       20.044024      1.40976      1.19196      1.19592      6.10000      5.30000      5.70000
NGC5485       22.155908       21.035973       20.212069      1.36620     0.990000     0.986040      4.10000      4.28000      4.25000
UGC09067       22.092343       21.300874       21.038879      1.16820     0.942480     0.894960      2.61000      2.49000      3.78000
NGC5520       22.037186       20.811942       20.161064      1.20622      1.13810      1.25374      4.11000      3.79800      3.47200
NGC5513       22.047984       21.022610       20.362128      1.00980     0.942480     0.871992      8.15200      4.24200      8.10000
UGC09110       22.147428       21.339443       21.037618      1.15632      1.06920      1.02564      3.86000      5.49000      4.51000
NGC5519       21.893251       20.978981       20.340496      1.33056      1.24344      1.16424      4.06000      4.69000      4.48000
NGC5522       22.139215       21.290360       21.016641      1.10484      1.10484      1.08108      3.59000      4.22000      4.85000
NGC5533       22.127882       21.049031       20.244275      1.11672     0.974160      1.00188      7.00000      4.70000      5.60000
NGC5546       21.903778       20.947142       20.317588      1.28304      1.11276      1.26720      4.20000      2.75000      4.15000
IC0994       21.788493       20.972220       20.444505      1.07316     0.922680     0.815760      7.60000      3.12000      6.64000
NGC5557       22.099493       20.858524       20.092251      1.49292      1.39788      1.30680      3.90000      4.84000      4.63000
NGC5559       22.231435       21.288987       20.652850      1.24344      1.44936      1.22364      4.80000      6.24000      4.26000
NGC5580       22.122251       21.078032       20.146067     0.970200     0.950400     0.823680      2.97000      3.57000      6.95000
NGC5580       22.122251       21.078032       20.146067     0.970200     0.950400     0.823680      2.97000      3.57000      6.95000
NGC5587       21.980519       21.157948       20.489916      1.40580      1.37016      1.48104      5.40000      4.90000      6.50000
NGC5602       22.003085       20.730099       20.058327      1.22364      1.18800      1.15632      3.54000      4.81000      4.22000
NGC5598       22.253249       21.251013       20.657394      1.02564     0.958320     0.883080      9.08000      3.07000      8.18000
NGC5610       22.235929       21.282346       20.642346      1.38996      1.25136      1.39392      7.86000      8.94000      12.7000
NGC5622       22.124050       21.063423       20.280104     0.978120     0.894960     0.807840      4.64000      7.85000      8.53000
NGC5631       22.053459       21.115837       20.351150      1.12068     0.918720     0.855360      3.70000      3.00000      4.67000
NGC5623       22.107013       21.042914       20.397528      1.19988      1.08504     0.997920      3.75000      2.94000      4.24000
NGC5633       22.078932       21.097688       20.259443     0.831600      1.16820      1.06920      3.93000      3.97000      3.95000
NGC5630       22.236929       21.282770       20.681991      2.20968     0.918720      1.10880      2.63000      4.20000      4.08000
NGC5635       22.315949       21.266866       20.469630      1.50876      1.33848      1.12464      4.41000      4.21000      4.53000
UGC09291       21.971907       21.058297       20.322000      1.22760      1.22760      1.06920      5.20000      3.50000      7.30000
NGC5656       22.147718       21.134820       20.185569     0.974160     0.898920      1.03752      4.91000      5.28000      4.04000
NGC5657       22.240840       21.265920       20.408765      1.49292      1.55232      1.53648      6.51000      5.85000      4.10000
NGC5659       22.148801       21.181494       20.184223      1.24344      1.15632     0.974160      6.06000      5.01000      6.26000
NGC5665       21.909949       20.888546       20.161707     0.990000      1.34640      1.18800      5.50000      3.20000      5.30000
NGC5682       21.980856       20.756348       20.076964      1.39392      1.24344      1.13652      4.50000      4.01000      3.78000
NGC5687       22.157891       20.907163       19.957888      1.39392      1.20780      1.27116      3.25000      4.44000      3.40000
NGC5687       22.157891       20.907163       19.957888      1.39392      1.20780      1.27116      3.25000      4.44000      3.40000
NGC5684       22.401512       21.435836       20.535909     0.883080     0.823680     0.764280      3.36000      5.62000      4.37000
UGC09401       22.324123       21.394187       20.732740      1.21572      1.18404      1.08108      5.20000      4.14000      8.05000
NGC5720       21.946347       20.981878       20.401667      1.18404      1.15632      1.12464      3.12000      6.65000      4.88000
NGC5732       22.233164       21.239301       20.531827      1.23552      1.35828      1.04544      3.48000      5.10000      2.23000
UGC09476       22.009609       21.053546       21.423946      1.10880     0.982080      1.10880      3.50000      5.80000      3.50000
NGC5735       22.071262       21.121816       20.480118      1.29492      1.04544     0.950400      4.97000      2.67000      2.41000
UGC09492       21.576815       20.662884       20.379373      1.15236     0.970200     0.898920      5.03000      5.59000      5.69000
UGC09518       22.300889       21.216086       20.477388      1.12068      1.23156      1.22364      7.79000      7.45000      6.48000
UGC09542       22.034821       21.041060       20.221295      1.24740      1.06920     0.990000      3.70000      4.30000      6.10000
NGC5772       22.311407       21.041094       20.170759     0.867240     0.784080     0.609840      4.68000      14.3700      2.64000
NGC5784       22.427028       21.414710       20.677910      1.20384     0.914760     0.879120      2.45000      4.36000      4.24000
UGC09598       22.056939       21.034847       20.179843      1.18800      1.01376     0.974160      3.53000      4.77000      3.15000
UGC09629       22.161389       20.947301       19.976157      1.50084      1.36224      1.25136      5.53000      3.09000      3.59000
NGC5829       22.046926       21.038737       20.186241      1.26720      1.38600      1.38600      6.30000      2.90000      3.10000
IC4534       22.151454       21.166797       20.172720      1.16028      1.07316     0.986040      2.58000      3.04000      4.21000
NGC5876       22.194606       21.268300       20.649332      1.38600      1.26720      1.26720      4.30000      4.60000      4.60000
NGC5888       22.008803       20.985231       20.075355      1.25136      1.22364      1.06128      4.00000      4.00000      4.00000
UGC09777       22.315487       21.300136       20.389076      1.22364     0.986040      1.03356      8.67000      7.07000      6.16000
UGC09842       22.169102       21.230041       20.604642     0.978120      1.24740     0.863280      6.25000      5.90000      6.91000
NGC5928       22.278038       21.446051       20.726678      1.17216     0.982080      1.02960      3.00000      4.10000      6.79000
NGC5957       22.132281       20.967036       19.835680      1.15236     0.966240     0.887040      6.54000      7.22000      5.82000
NGC5971       22.302458       21.287732       20.168338      1.19988      1.15236      1.07316      7.05000      4.57000      4.86000
IC4566       21.961713       20.960870       20.399523      1.31868      1.22364      1.14048      4.01000      5.15000      6.52000
NGC5980       22.123656       20.894727       19.905724      1.62756      1.01772     0.942480      3.80000      8.95000      5.10000
NGC6004       22.057814       21.064377       20.193826      1.33848      1.13256      1.07316      4.95000      3.93000      4.25000
UGC10097       22.175579       21.174626       20.327615      1.40580      1.56420      1.40976      4.46000      4.43000      5.07000
NGC6020       22.193196       20.817346       20.010745      1.08504      1.10880     0.914760      4.63000      6.54000      4.43000
NGC6021       22.248554       21.443126       20.778715      1.13256      1.11276      1.02564      4.41000      10.3000      5.09000
NGC6021       22.248554       21.443126       20.778715      1.13256      1.11276      1.02564      4.41000      10.3000      5.09000
IC1151       22.183594       21.319572       20.556607      1.18800      1.22760      1.46520      3.50000      5.50000      8.50000
NGC6032       22.082145       21.133198       20.592994      1.19592     0.993960     0.950400      4.46000      4.50000      5.47000
NGC6060       22.071008       21.123236       20.581771      1.06128     0.958320     0.875160      6.09000      5.42000      4.03000
NGC6063       21.859340       21.039024       20.636042      1.30680      1.17216     0.986040      6.14000      6.97000      5.08000
IC1199       22.102014       21.236070       20.656442     0.930600     0.867240      1.29096      3.74000      5.14000      4.00000
NGC6125       21.602973       21.240160       20.428731      1.06920      1.14444     0.970200      5.90000      4.20000      3.90000
UGC10337       21.801153       20.998776       20.629618      1.27116     0.962280     0.974160      5.25000      5.21000      5.13000
NGC6132       22.089373       21.161711       20.316245     0.938520     0.910800     0.827640      4.81000      5.69000      6.99000
NGC6146       22.103958       21.241976       20.385532      1.00584     0.894960     0.815760      4.33000      3.33000      10.4000
NGC6154       22.080102       20.995505       20.195918      1.08504     0.970200      1.20780      7.05000      3.88000      6.40000
NGC6150       21.834620       20.898702       20.224037      1.26720      1.14444      1.05732      2.51000      3.75000      9.97000
NGC6155       22.070667       21.046428       20.417324      1.22760      1.22760      1.22760      5.10000      6.20000      6.40000
UGC10388       22.267054       21.344096       20.560507      1.59588      1.23156      1.18404      4.02000      2.98000      3.09000
NGC6173       22.163648       21.208905       20.349116      1.38996      1.34640      1.38600      3.40000      2.90000      4.10000
NGC6173       22.163648       21.208905       20.349116      1.38996      1.34640      1.38600      3.40000      2.90000      4.10000
NGC6186       22.106932       21.189955       20.525395      1.02960     0.950400     0.910800      5.60000      5.50000      5.90000
NGC6278       21.473091       21.166085       20.822790      1.44144      1.44144      1.44144      2.69000      2.69000      2.69000
UGC10693       22.005176       21.133653       20.228638      1.15632     0.879120     0.954360      4.56000      4.26000      5.20000
UGC10693       22.005176       21.133653       20.228638      1.15632     0.879120     0.954360      4.56000      4.26000      5.20000
UGC10695       22.163545       21.246690       20.581183      1.12464      1.02960      1.12860      4.08000      2.98000      3.00000
NGC6301       22.159076       21.281246       20.569951      1.04544     0.914760     0.887040      3.04000      5.21000      4.27000
NGC6314       21.867448       20.849927       20.111048      1.73448      1.63548      1.37808      3.90000      4.64000      4.08000
UGC10796       21.999998       20.944040       20.317083      1.94040      1.78200      1.66320      5.30000      5.20000      4.50000
UGC10811       22.134514       21.097401       20.272182      1.37412      1.28700      1.31472      4.17000      4.58000      11.1700
IC1256       22.162811       21.299358       20.607767      1.50480      1.05336      1.03752      4.97000      4.38000      4.41000
NGC6394       21.181900       20.829063       20.531764      1.48896      1.48896      1.48896      5.04000      5.04000      5.04000
UGC10905       22.209692       21.166731       20.512445      1.20384      1.11276      1.02168      4.61000      3.64000      2.64000
UGC10905       22.209692       21.166731       20.512445      1.20384      1.11276      1.02168      4.61000      3.64000      2.64000
NGC6411       21.698473       20.729845       20.195793     0.966240     0.863280     0.807840      5.70000      6.40000      3.60000
NGC6427       22.235956       21.165962       20.485020      1.15632      1.07712      1.04148      5.01000      7.62000      9.90000
NGC6478       21.754471       20.725343       20.036136      1.30680      1.22760      1.20780      2.90000      4.80000      6.80000
NGC6497       21.766506       20.767724       20.183006      1.20780     0.807840     0.946440      3.90000      4.14000      6.28000
NGC6515       21.695410       20.663138       20.096870      1.00980     0.811800     0.807840      1.99000      1.83000      3.60000
UGC11228       22.191355       21.337611       20.276575      1.11672      1.17216      1.23552      2.55000      2.88000      2.59000
UGC11262       22.372869       21.303801       20.197035     0.962280     0.918720     0.922680      4.65000      3.51000      7.90000
NGC6762       22.126060       21.077677       20.385930      1.06920      1.06920     0.934560      4.07000      4.72000      5.02000
MCG-02-51-004       21.669104       20.904290       20.213056     0.997920      1.00980      1.04544      4.97000      5.16000      5.28000
NGC6941       21.692863       20.549474       19.787144      1.02960      1.00584      1.13256      6.32000      7.08000      6.66000
NGC6945       21.547936       20.737138       20.114275      1.09692      1.06128      1.01376      4.12000      2.57000      3.43000
NGC6978       21.644056       20.510314       19.659961      1.22760      1.14840     0.831600      5.70000      4.10000      6.10000
UGC11649       21.563961       20.691748       20.044483      1.02564     0.902880     0.811800      6.42000      5.19000      4.58000
NGC7047       21.592743       20.697267       20.040181      1.14048     0.811800     0.756360      4.66000      4.18000      4.88000
UGC11740       21.695045       20.799305       20.163909      1.15236     0.978120      1.06920      5.49000      5.96000      5.17000
NGC7194       21.624207       20.786428       20.149476     0.950400     0.720720     0.760320      4.52000      3.61000      5.05000
NGC7194       21.624207       20.786428       20.149476     0.950400     0.720720     0.760320      4.52000      3.61000      5.05000
NGC7311       22.008849       21.093672       20.398878     0.835560     0.835560     0.795960      2.03000      3.99000      4.14000
NGC7321       21.919324       21.181146       20.710722      1.44540      1.28700      1.20780      2.60000      3.50000      3.30000
UGC12127       22.045123       21.070702       20.091492      1.50084      1.23948      1.12860      2.32000      3.94000      3.37000
UGC12127       22.045123       21.070702       20.091492      1.50084      1.23948      1.12860      2.32000      3.94000      3.37000
NGC7364       21.778150       20.753621       20.040669      1.18800     0.997920     0.891000      5.90000      6.50000      4.50000
UGC12185       20.729452       21.105919       20.169440      1.40580      1.35432      1.21176      4.00000      3.56000      3.82000
UGC12224       22.041494       20.978188       20.199498      1.05336     0.974160     0.926640      3.71000      3.17000      4.28000
UGC12274       22.250415       21.290692       20.515887      1.18800     0.986040     0.906840      6.39000      5.65000      5.63000
NGC7466       22.292752       21.303013       20.543609      1.02168      1.07316      1.03752      4.11000      5.35000      5.82000
UGC12348       21.539447       20.671759       19.932867      1.33452      1.14444      1.10088      5.09000      5.12000      3.32000
NGC7489       22.183320       21.209864       20.569004      1.05336      1.10880     0.993960      5.90000      3.64000      5.48000
NGC7536       21.666164       20.727958       19.953433      1.08900     0.922680     0.839520      3.93000      3.98000      2.81000
NGC7550       22.154979       21.142341       20.380407      1.59192      1.28700      1.26324      3.00000      2.18000      3.65000
NGC7549       22.151311       21.143542       20.383780      1.36620      1.33056      1.26324      5.01000      3.76000      3.13000
NGC7563       21.622913       20.742700       20.031864     0.950400     0.871200      1.18800      4.50000      6.50000      7.00000
NGC7562       21.849552       20.866590       20.067331      1.02564     0.954360     0.978120      4.14000      6.48000      8.10000
NGC7562       21.849552       20.866590       20.067331      1.02564     0.954360     0.978120      4.14000      6.48000      8.10000
NGC7591       22.073878       21.204371       20.574659     0.914760     0.673200     0.704880      4.75000      2.91000      3.58000
UGC12494       21.765904       21.022582       20.516465     0.906840     0.760320     0.693000      4.67000      7.06000      5.83000
IC5309       21.791921       21.055557       20.514424     0.910800     0.934560      1.00584      4.30000      4.50000      6.80000
NGC7611       21.850538       20.864169       20.095639      1.10088      1.02960     0.918720      4.46000      6.64000      4.67000
NGC7619       21.783932       21.048483       20.510329     0.966240     0.958320      1.12068      9.60000      12.0000      4.78000
NGC7623       21.867856       20.880001       20.103327      1.10880      1.01772      1.06920      4.27000      6.00000      8.02000
NGC7631       21.804217       21.077349       20.536992     0.894960      1.02168      1.08108      3.62000      7.70000      4.70000
NGC7653       21.718701       20.740953       19.934258      1.00584      1.02564     0.918720      2.28000      5.43000      6.19000
NGC7671       21.513301       21.205959       20.858730      1.44144      1.44144      1.44144      2.69000      2.69000      2.69000
NGC7683       22.003507       21.085805       20.300644      1.29888      1.22760      1.08900      4.92000      3.92000      2.90000
NGC7683       22.003507       21.085805       20.300644      1.29888      1.22760      1.08900      4.92000      3.92000      2.90000
NGC7691       21.744108       20.763324       19.915808     0.993960      1.17216      1.24740      3.87000      9.86000      8.97000
UGC12653       21.696701       20.791417       20.019468      1.07712     0.910800      1.38600      4.20000      4.50000      5.00000
NGC7716       21.793898       20.761691       19.955470      1.33848      1.19988      1.23156      3.28000      3.56000      2.75000
NGC7722       21.745158       20.769914       19.913188     0.930600      1.20384      1.50084      5.14000      11.1200      11.7900
NGC7738       21.617009       20.713386       19.889663      1.42164      1.02960      1.09692      9.02000      5.60000      3.03000
UGC12810       21.798908       20.752445       19.940353      1.11672      1.06128      1.11672      4.96000      6.49000      6.83000
UGC12816       22.007625       21.035786       20.237049      1.35432      1.29096      1.10880      3.50000      6.78000      3.30000
NGC7782       21.811609       21.036694       20.535357     0.819720     0.883080     0.784080      5.23000      6.33000      5.93000
NGC7787       21.636880       20.766434       19.933670      1.29492      1.02168     0.997920      3.80000      3.29000      3.18000
UGC12864       22.002051       21.123280       20.437890      1.30680      1.26720      1.14840      4.20000      4.00000      4.80000
NGC0014       20.970123       21.617234       19.924155     0.970992     0.998712     0.984456      3.84800      5.83400      6.77200
MCG-02-06-016       21.061785       21.626858       19.969840      1.44382      1.53331      1.31710      4.63800      5.38600      4.01600
IC0225       20.981033       21.321864       20.149283      1.25928      1.06682      1.12385      7.49000      4.69400      4.66800
UGC04455       21.047264       21.358784       20.360629      1.43273      1.63469      1.42956      5.19400      6.04400      4.07600
MRK1418       21.013939       21.769270       20.067453      1.10642      1.23077      1.03594      3.32600      3.35200      3.03600
UGC05187       20.936151       21.682640       19.928900      1.20622      1.14048      1.22206      4.25200      3.78600      2.57200
UGC05377       21.476051       21.503409       20.651955      1.25928      1.24423      1.04544      3.30000      7.31400      4.66000
IC2604       21.055260       21.792525       21.270155     0.911592      1.18087      1.06524      4.22600      5.67600      7.74000
UGC05976       21.133073       21.618247       20.195873      1.17850      1.25215      1.16186      5.64200      4.40000      5.22800
UGC06181       21.812769       20.852691       20.024986     0.982080      1.01930     0.973368      3.59600      6.85000      6.05200
UGC06249       21.345260       21.556365       20.581833      1.41530      1.46599      1.31551      6.13800      5.81000      5.90200
NGC3655       21.662888       20.636883       19.842608      1.09058      1.13177     0.955152      4.29800      4.08600      5.56000
MCG+10-17-007       21.342438       21.882426       20.244246      1.41055      1.24740      1.38125      3.25600      3.42800      3.88400
NGC3773       21.143381       21.357820       20.390204      1.19830      1.50797      1.29967      3.36200      5.06200      2.68800
UGC06616       21.340669       21.894217       20.205994      1.41610      1.47154      1.35036      3.23000      3.31800      3.18200
NGC3913       21.099376       21.725622       20.231871      1.09296      1.23473      1.06366      4.30400      4.91200      3.29800
UGC06930       21.501871       21.883088       20.330790     0.983664      1.17137     0.933768      6.98200      4.96600      4.02400
UGC07129       21.220420       21.522764       20.250261     0.990000      1.08900      1.02960      4.88000      3.98000      3.61000
IC3065       21.159712       21.503288       20.332486     0.875160      1.10484     0.871200      6.53000      7.51000      7.81000
IC3065       21.159712       21.503288       20.332486     0.875160      1.10484     0.871200      6.53000      7.51000      7.81000
IC3586       21.447729       21.634479       20.398987      1.03118      1.25057     0.992376      5.78000      5.54800      7.15200
IC3652       20.697303       21.207364       19.604131      1.26324      1.50876      1.34640      3.71000      2.69000      4.55000
IC3652       20.697303       21.207364       19.604131      1.26324      1.50876      1.34640      3.71000      2.69000      4.55000
NGC4630       21.434518       21.385205       20.504026      1.35036      1.29096      1.29492      4.88000      5.18000      4.56000
MCG-01-33-007       21.364483       21.813053       20.373880     0.982080     0.934560      1.01376      7.22000      1.66000      7.39000
UGC08909       21.323535       21.907470       20.382265     0.997920      1.14840     0.938520      3.70000      6.31000      2.70000
UGC09663       22.152953       20.909759       20.025316      1.30680      1.18404      1.12860      3.89000      3.29000      4.42000
UGC09661       20.877219       21.443027       19.735917     0.914760      1.04940     0.887040      7.21000      1.91000      7.91000
NGC0495       21.293997       21.392842       20.611862      3.44916      1.10484     0.958320      3.39000      4.66000      4.65000
CGCG536-030       21.717807       22.072296       20.557672      1.02564      1.23948      1.19988      2.67000      3.09000      4.11000
IC0208       21.177044       21.767221       19.909472     0.990000      1.15236     0.954360      2.29000      6.67000      2.23000
KUG1349+143       21.355291       21.742478       20.209653     0.863280      1.02960     0.708840      5.22000      8.16000      2.01000
NGC5481       21.224117       21.601391       20.041272      1.14840      1.43748      1.15632      3.62000      4.98000      3.83000
CGCG163-062       21.434218       21.719803       20.453482      1.26720      1.26720     0.997920      3.48000      3.44000      4.13000
NGC5794       21.337104       21.913223       20.143325      1.21572      1.12860      1.00188      3.44000      4.60000      4.82000
IC1078       21.296697       21.642075       20.299761      1.42956      1.44144      1.33056      2.63000      5.51000      6.54000
UGC09708       21.422180       21.619011       20.340210      1.11276      1.40976     0.898920      5.59000      4.59000      2.26000
NGC6977       20.671455       20.660371       19.659437     0.851400     0.970200     0.803880      6.50000      4.60000      5.70000
NGC7559B       21.173129       21.187912       20.032075     0.950400     0.997920     0.954360      5.30000      4.40000      5.00000
NGC0507       21.857142       22.016652       20.910612      1.21968      1.06524      1.10484      4.40000      4.50000      5.70000
NGC0515       21.723047       22.076640       20.609988      1.20780      1.19592      1.10484      4.60000      5.30000      2.90000
NGC6023       21.614684       21.960056       20.320705      1.00188      1.08108      1.01376      5.70000      3.80000      4.50000
NGC6023       21.614684       21.960056       20.320705      1.00188      1.08108      1.01376      5.70000      3.80000      4.50000
UGC12494NOTES01       21.764610       21.021927       20.515935     0.876744     0.749232     0.685080      5.57600      7.73200      9.59800
MCG-02-02-086       20.737541       21.520674       19.642364      1.10880      1.14840     0.982080      6.40000      4.70000      4.70000
IC1602       20.749468       21.452018       19.622711     0.910800      1.19592     0.946440      4.30000      5.30000      4.40000
IC1602       20.749468       21.452018       19.622711     0.910800      1.19592     0.946440      4.30000      5.30000      4.40000
NGC0548       21.364221       21.450512       20.166626      1.00980      1.04940      1.04940      4.50000      4.50000      6.70000
NGC0647       20.938840       21.486487       19.704917      1.11276      1.18800      1.01772      4.40000      5.20000      4.60000
UGC01370       21.009946       21.376467       20.149641      1.15236      1.22364      1.08504      4.30000      6.00000      5.00000
UGC03960       21.268686       21.566203       20.213005      1.25136      1.46520      1.11672      3.70000      2.80000      5.50000
UGC03960       21.268686       21.566203       20.213005      1.25136      1.46520      1.11672      3.70000      2.80000      5.50000
LSBCF560-04       21.194890       21.532866       20.204055      1.14444      1.29096     0.986040      4.00000      5.30000      3.60000
MCG+07-17-002       20.924482       21.153266       20.090593      1.02168      1.08108     0.982080      5.20000      5.50000      4.90000
MCG+07-17-002       20.924482       21.153266       20.090593      1.02168      1.08108     0.982080      5.20000      5.50000      4.90000
NGC2484       21.303252       21.604900       20.379738      1.27116      1.33848      1.13652      4.70000      4.90000      5.10000
NGC2484       21.303252       21.604900       20.379738      1.27116      1.33848      1.13652      4.70000      4.90000      5.10000
UGC04256       21.048732       21.145829       20.229776      1.28304      1.31868      1.04148      4.60000      4.40000      4.20000
IC2378       21.048813       21.339646       20.048686      1.02168      1.30284      1.26324      3.76000      2.99000      2.89000
IC2378       21.048813       21.339646       20.048686      1.02168      1.30284      1.65924      3.76000      2.99000      2.89000
UGC04458       21.235037       21.477196       20.471967      1.47708      1.50480      1.19988      4.36000      4.08000      5.96000
UGC04458       21.235037       21.477196       20.471967      1.55628      1.50480      1.59588      4.36000      4.08000      5.96000
IC2402       21.234595       21.729648       20.328566      1.24344      1.35036      1.12068      2.93000      2.19000      2.67000
IC2402       21.234595       21.729648       20.328566      1.24344      1.35036      1.12068      2.93000      2.19000      2.67000
NGC2691       21.427133       21.776508       20.228991      1.23156      1.15236      2.80764      4.01000      7.01000      5.64000
UGC04730       20.856537       21.647355       19.819132      1.15236      1.33452     0.954360      5.38000      6.36000      4.21000
2MASXJ09065870       21.201876       21.728565       19.954426     0.839520      1.06128     0.942480      5.93000      8.72000      3.55000
2MASXJ09065870       21.201876       21.728565       19.954426     0.839520      1.06128     0.942480      5.93000      8.72000      3.55000
NGC2780       21.189469       21.730154       20.266507      1.21968      1.42560     0.930600      2.69000      3.23000      3.45000
MCG+09-18-064       21.101258       21.730090       20.251142      1.30680      1.61172      1.21968      2.69000      3.80000      2.21000
UGC06517       21.368622       21.761398       20.465033      1.45728      1.32660      1.44540      4.23000      4.14000      3.27000
CGCG242-073       21.050799       21.658787       19.995099      1.33848      1.61964      1.20780      3.66000      3.68000      5.65000
NGC3896       21.623576       21.746093       20.442121      1.28700      1.39788      1.37016      3.71000      3.40000      3.77000
NGC5145       21.567002       21.886642       20.579761      1.42560      1.33056      1.40580      2.72000      3.66000      3.52000
UGC09356       21.577946       21.637865       20.438440      1.06128      1.10484      1.00980      5.19000      6.43000      5.49000
UGC09868       21.464962       21.766695       20.221903      1.71072      1.76220      1.43748      8.68000      4.81000      3.68000
NGC5950       21.574067       21.907036       20.634117      1.07712      1.15236     0.883080      6.70000      3.42000      3.06000
UGC10803       20.954460       21.374410       20.114788     0.843480     0.982080     0.843480      4.64000      3.02000      5.22000
MCG-01-52-012       20.719298       21.440534       19.763014     0.819720     0.914760     0.803880      7.31000      2.71000      5.01000
CGCG429-012       20.831924       21.488083       19.898563      1.08900     0.827640      1.02168      8.02000      2.14000      8.88000
CGCG429-012       20.831924       21.488083       19.898563      1.08900     0.946440      1.02168      8.02000      2.14000      8.88000
UGC09837       21.569939       21.760330       20.186850      1.18008      1.09296      1.18800      5.09000      4.24000      5.80000
UGC12250       21.183281       21.221959       20.013003      1.02960      1.06128      1.05336      7.55000      7.81000      5.81000
NGC5947       21.958195       20.976879       20.435337      1.31076      1.07316     0.970200      5.11000      4.38000      4.80000
NGC1590       21.990562       20.778907       20.084007      1.01772     0.950400     0.788040      3.39000      6.08000      3.62000
UGC03552       22.040628       20.778682       20.059884     0.854568     0.763488     0.715968      3.79600      5.59200      5.16750
NGC2526       22.157772       21.251885       20.744308      1.25294      1.01376     0.999504      3.25200      6.91200      4.76000
IC2481       21.942606       21.072018       20.553829      1.44302      1.26007      1.13731      5.07200      4.04600      4.91000
NGC3323       22.105164       20.952128       20.072894      1.12226      1.02485      1.05415      4.20000      3.79800      4.47600
NGC4384       21.948571       20.899167       20.071240      1.20859      1.18958      1.00822      4.06400      4.07800      3.97000
IC3918       22.071346       21.178309       20.553704      1.44461      1.06366      1.05890      2.70200      3.78400      3.55000
MCG+09-22-053       21.739464       21.058745       20.599909      1.32898      1.15157      1.07950      5.46600      4.87200      6.34600
NGC0426       21.151179       21.538869       20.026764     0.938520      1.16820     0.839520      2.60000      6.47000      3.29000
NGC0426       21.151179       21.538869       20.026764     0.938520      1.16820     0.839520      2.60000      6.47000      3.29000
NGC0472       22.387440       21.428001       20.648506      1.35828      1.22364      1.14840      3.76000      4.81000      4.79000
NGC0472       22.387440       21.428001       20.648506      1.35828      1.22364      1.14840      3.76000      4.81000      4.79000
NGC1281       21.994371       20.881142       20.227569      1.28225      1.21414      1.11514      5.59800      9.07000      6.58600
NGC2767       22.001735       21.070416       20.434611      1.28304      1.20780      1.02168      3.19000      3.25000      6.15000
PGC11179       22.099347       20.996874       20.139691      1.17137     0.947232     0.924264      5.33400      6.36400      7.22400
