# name                    u        g_2      r        i        z       
  UGC00005                16.123   13.942   13.265   12.896   12.787  
  NGC7819                 16.063   14.281   13.624   13.487   13.69   
  UGC00029                16.374   14.467   13.542   13.103   12.849  
  IC1528                  15.353   13.706   13.086   12.811   12.876  
  NGC7824                 16.006   13.577   12.713   12.289   12.071  
  UGC00036                16.288   14.327   13.426   12.953   12.684  
  NGC0001                 15.285   13.702   12.89    12.498   12.26   
  NGC0023                 14.186   12.669   11.947   11.621   11.372  
  NGC0036                 15.45    13.71    12.814   12.485   12.379  
  UGC00139                15.608   14.3     13.797   13.55    13.511  
  UGC00312                15.393   14.001   13.599   13.451   13.67   
  NGC0155                 15.487   13.558   12.787   12.366   12.168  
  ESO540-G003             15.529   13.849   13.24    12.915   12.792  
  NGC0160                 15.58    13.428   12.562   12.163   12.037  
  NGC0165                 16.374   14.024   13.362   13.082   13.2    
  NGC0171                 14.949   13.002   12.308   11.94    11.89   
  NGC0180                 15.811   13.704   12.805   12.562   12.401  
  NGC0192                 15.146   13.282   12.446   12.045   11.809  
  NGC0214                 14.616   12.857   12.172   11.819   11.643  
  NGC0237                 14.809   13.484   12.929   12.642   12.469  
  NGC0234                 15.052   13.285   12.607   12.283   12.221  
  NGC0257                 15.186   13.279   12.648   12.229   12.193  
  NGC0309                 17.177   13.414   12.691   12.333   12.824  
  NGC0364                 16.017   13.813   12.952   12.525   12.337  
  NGC0447                 15.909   13.697   13.05    12.453   12.264  
  NGC0477                 16.334   14.575   13.815   13.474   13.279  
  IC1683                  16.063   14.232   13.405   13.029   12.826  
  NGC0499                 15.096   12.982   12.092   11.612   11.321  
  NGC0496                 16.079   14.233   13.585   13.302   13.423  
  NGC0517                 15.746   13.788   12.959   12.517   12.229  
  UGC00987                15.764   14.011   13.19    12.765   12.466  
  NGC0528                 15.843   13.729   12.811   12.356   12.074  
  NGC0551                 16.466   14.093   13.216   12.911   12.787  
  NGC0570                 15.575   13.693   12.87    12.475   12.308  
  IC0159                  15.302   13.944   13.522   13.355   13.425  
  UGC01271                16.072   14.067   13.178   12.721   12.457  
  UGCA021                 15.636   14.194   13.642   13.578   13.765  
  NGC0677                 15.754   13.704   12.752   12.285   11.997  
  NGC0716                 15.329   13.73    12.946   12.544   12.301  
  UGC01368                16.515   14.623   13.837   13.399   13.136  
  NGC0731                 14.852   12.935   12.156   11.761   11.535  
  NGC0755                 14.44    13.157   12.668   12.464   12.536  
  NGC0768                 15.657   14.091   13.49    13.172   13.162  
  NGC0774                 15.745   13.825   12.946   12.48    12.211  
  NGC0776                 15.752   13.751   12.853   12.498   12.457  
  NGC0787                 15.195   13.209   12.456   12.072   11.907  
  NGC0842                 15.15    13.27    12.491   12.094   11.865  
  UGC01659                16.495   14.502   13.832   13.468   13.375  
  KUG0210-078             15.911   14.37    13.559   13.168   12.922  
  NGC0873                 14.173   12.887   12.349   12.098   12.017  
  NGC0924                 15.722   13.661   12.749   12.278   11.991  
  UGC01918                17.057   14.547   13.704   13.3     12.934  
  NGC0932                 15.632   13.471   12.496   12.004   11.776  
  NGC0941                 14.826   13.421   12.911   12.725   12.898  
  NGC0938                 15.484   13.554   12.652   12.187   11.954  
  NGC0962                 15.57    13.432   12.538   12.072   11.824  
  NGC0976                 14.866   13.079   12.316   11.899   11.694  
  NGC0991                 15.647   13.509   12.95    12.766   13.337  
  UGC02099                16.61    14.707   13.757   13.237   12.998  
  UGC02134                16.498   14.21    13.298   12.805   12.603  
  NGC1026                 15.576   13.439   12.595   12.121   11.89   
  NGC1060                 15.405   12.953   11.889   11.314   10.973  
  NGC1070                 14.507   12.724   11.901   11.497   11.29   
  UGC02222                16.429   14.356   13.427   12.931   12.624  
  UGC02229                16.303   14.403   13.57    13.109   12.834  
  NGC1094                 15.183   13.729   13.081   12.73    12.623  
  NGC1093                 15.981   13.987   13.285   12.914   12.77   
  UGC02311                15.445   13.902   13.224   12.898   12.767  
  NGC1132                 15.509   13.497   12.641   12.184   11.972  
  UGC02367                16.766   14.524   13.475   12.883   12.611  
  UGC02403                16.227   14.274   13.384   12.903   12.621  
  UGC02405                16.874   14.707   14.056   13.685   13.538  
  UGC02443                16.143   14.241   13.642   13.384   13.35   
  NGC1167                 16.081   13.373   12.308   11.799   11.542  
  NGC1211                 15.416   13.254   12.42    11.97    11.713  
  IC0307                  16.087   14.257   13.37    12.904   12.805  
  UGC02690                15.945   14.564   14.061   13.884   13.881  
  NGC1324                 16.605   13.277   12.475   12.035   11.834  
  NGC1349                 16.495   14.22    13.215   12.643   12.373  
  NGC1361                 16.202   14.162   13.35    12.925   12.674  
  NGC1645                 15.618   13.66    12.844   12.396   12.192  
  NGC1659                 14.76    13.248   12.715   12.425   12.299  
  NGC1665                 15.355   13.22    12.457   12.054   11.909  
  NGC1666                 15.551   13.253   12.437   12.039   11.833  
  NGC1667                 14.464   12.799   12.099   11.728   11.588  
  NGC1677                 15.514   14.324   13.821   13.594   13.436  
  UGC03253                15.683   13.817   13.144   12.778   12.665  
  NGC2253                 15.007   13.226   12.47    12.156   11.993  
  NGC2347                 14.925   13.331   12.58    12.165   11.955  
  NGC2410                 15.283   13.46    12.66    12.252   12.068  
  UGC03944                15.823   14.335   13.812   13.531   13.468  
  UGC03973                14.67    14.491   13.286   13.825   13.712  
  UGC03995                16.004   13.254   12.556   12.115   12.032  
  NGC2449                 15.811   13.649   12.837   12.415   12.189  
  NGC2476                 15.335   13.371   12.558   12.157   11.859  
  NGC2486                 16.358   13.961   13.216   12.881   12.906  
  NGC2487                 16.075   13.471   12.755   12.429   12.463  
  UGC04132                15.644   13.858   13.093   12.673   12.398  
  UGC04145                15.64    13.871   13.096   12.917   12.413  
  NGC2513                 15.087   12.799   11.943   11.513   11.28   
  UGC04195                16.266   14.032   13.331   13.002   12.907  
  NGC2530                 15.571   13.99    13.53    13.32    13.505  
  NGC2540                 15.509   13.995   13.433   13.158   13.091  
  NGC2543                 15.379   13.209   12.554   12.164   12.081  
  UGC04308                16.842   13.576   12.885   12.707   12.825  
  NGC2553                 15.994   14.068   13.239   12.81    12.585  
  UGC04262                16.301   13.946   13.226   12.88    12.926  
  NGC2558                 15.888   13.664   12.893   12.495   12.348  
  NGC2565                 15.225   13.721   12.85    12.454   12.167  
  NGC2572                 16.32    14.553   13.726   13.286   13.043  
  UGC04375                16.008   14.348   12.801   12.423   12.336  
  IC2341                  15.862   14.107   13.324   12.926   12.683  
  NGC2592                 15.079   13.111   12.265   11.809   11.525  
  NGC2596                 16.063   14.117   13.414   12.971   13.047  
  NGC2595                 24.397   13.735   12.934   12.639   12.538  
  UGC04461                15.59    14.181   13.706   13.45    13.496  
  NGC2604                 15.23    13.7     13.279   13.174   13.48   
  NGC2639                 14.43    12.486   11.664   11.234   10.947  
  NGC2730                 15.409   13.898   13.457   13.343   13.591  
  NGC2805                 15.628   13.92    13.267   12.93    13.02   
  NGC2880                 14.452   12.513   11.717   11.327   11.087  
  NGC2906                 15.302   13.059   12.231   11.803   11.619  
  NGC2916                 14.875   13.198   12.634   12.321   11.976  
  UGC05108                16.161   14.43    13.677   13.28    13.014  
  NGC2918                 15.416   13.45    12.62    12.193   11.944  
  UGC05358                16.632   15.345   14.777   14.674   15.043  
  UGC05359                16.397   14.75    14.107   13.759   13.611  
  UGC05396                16.534   14.498   13.901   13.57    13.706  
  NGC3106                 15.708   13.492   12.688   12.321   12.213  
  NGC3057                 15.734   14.049   13.707   13.637   14.488  
  NGC3158                 15.375   13.094   12.24    11.773   11.549  
  UGC05520                15.781   14.314   13.649   13.51    13.846  
  NGC3182                 14.933   13.073   12.371   11.973   11.903  
  NGC3300                 15.28    13.17    12.361   11.961   11.774  
  UGC05771                16.027   14.142   13.269   12.83    12.577  
  NGC3381                 14.717   13.273   12.827   12.674   13.002  
  IC0674                  16.021   14.187   13.423   13.04    12.832  
  UGC06312                16.257   14.365   13.491   13.039   12.789  
  NGC3615                 15.55    13.447   12.612   12.2     11.945  
  NGC3614                 15.373   13.503   12.822   12.49    12.624  
  NGC3687                 15.011   13.112   12.546   12.22    12.387  
  NGC3811                 14.947   13.202   12.605   12.233   12.152  
  NGC3815                 15.187   13.684   13.072   12.737   12.624  
  NGC3994                 14.593   13.328   12.699   12.377   12.115  
  NGC4003                 15.994   14.103   13.247   12.825   12.625  
  UGC07012                15.531   14.431   14.055   13.867   14.044  
  NGC4047                 14.346   12.772   12.178   11.837   11.74   
  UGC07145                16.47    14.671   14.042   13.734   13.739  
  NGC4185                 15.711   13.26    12.554   12.251   12.336  
  NGC4210                 15.185   13.262   12.63    12.289   12.278  
  IC0776                  16.299   14.852   14.308   14.311   15.746  
  NGC4470                 14.022   12.9     12.464   12.233   12.213  
  NGC4644                 16.04    14.355   13.637   13.265   13.06   
  NGC4711                 15.597   13.82    13.218   12.901   12.831  
  UGC08004                16.738   14.907   14.407   14.242   14.462  
  NGC4816                 15.815   13.74    12.905   12.516   12.375  
  NGC4956                 14.793   13.006   12.259   11.882   11.672  
  NGC4961                 14.769   13.557   13.181   13.0     13.067  
  UGC08231                15.755   14.549   14.175   14.115   14.574  
  UGC08234                15.315   13.599   12.928   12.591   12.393  
  NGC5000                 15.644   13.872   13.228   12.89    12.915  
  NGC5016                 14.347   12.979   12.443   12.171   12.102  
  NGC5029                 15.77    13.716   12.895   12.476   12.289  
  NGC5056                 15.295   13.701   13.197   12.979   13.056  
  NGC5157                 16.035   13.786   13.025   12.647   12.544  
  NGC5205                 15.209   13.428   12.775   12.486   12.437  
  NGC5198                 14.746   12.74    11.942   11.522   11.298  
  NGC5267                 15.479   13.633   12.879   12.468   12.268  
  NGC5289                 15.389   13.648   12.886   12.446   12.166  
  UGC08733                15.686   14.61    14.016   13.88    14.059  
  NGC5320                 15.47    13.275   12.655   12.299   12.321  
  IC0944                  16.162   13.931   13.09    12.593   12.343  
  UGC08781                15.962   13.936   13.195   12.834   12.68   
  NGC5376                 14.931   12.911   12.191   11.842   11.642  
  NGC5379                 15.804   13.922   13.22    12.844   12.735  
  NGC5378                 15.563   13.458   12.681   12.309   12.377  
  NGC5406                 15.205   13.121   12.37    11.941   11.923  
  NGC5443                 15.433   12.982   12.252   11.875   11.642  
  NGC5423                 15.866   13.722   12.876   12.464   12.193  
  NGC5473                 14.264   12.228   11.471   11.059   10.806  
  NGC5480                 14.137   12.82    12.266   12.034   11.989  
  NGC5485                 14.461   12.412   11.643   11.164   10.957  
  UGC09067                15.522   14.26    13.695   13.401   13.203  
  NGC5520                 15.044   13.31    12.762   12.488   12.347  
  NGC5513                 15.162   13.168   12.382   11.977   11.792  
  UGC09110                15.314   13.928   13.463   13.163   13.126  
  NGC5519                 15.955   14.357   13.707   13.378   13.204  
  NGC5522                 15.408   13.728   13.049   12.649   12.395  
  NGC5533                 14.806   12.906   12.044   11.618   11.457  
  NGC5546                 15.382   13.411   12.523   12.087   11.832  
  IC0994                  16.127   14.189   13.365   12.937   12.705  
  NGC5557                 14.04    12.175   11.476   10.93    10.724  
  NGC5559                 16.369   14.299   13.534   13.121   12.913  
  NGC5580                 15.199   13.314   12.531   12.103   11.882  
  NGC5587                 15.304   13.416   12.663   12.247   12.03   
  NGC5602                 15.267   13.379   12.603   12.164   11.983  
  NGC5598                 15.689   13.752   12.956   12.562   12.307  
  NGC5610                 15.313   13.57    12.951   12.596   12.433  
  NGC5622                 15.41    13.882   13.316   13.027   13.037  
  NGC5631                 14.277   12.307   11.554   11.126   10.928  
  NGC5623                 15.152   13.186   12.398   11.982   11.78   
  NGC5633                 14.177   12.902   12.339   12.045   11.916  
  NGC5630                 14.705   13.55    13.195   13.053   13.086  
  NGC5635                 15.507   13.212   12.294   11.854   11.578  
  UGC09291                15.635   13.842   13.328   13.161   13.327  
  NGC5656                 14.215   12.793   12.191   11.88    11.701  
  NGC5657                 15.741   14.084   13.393   13.062   12.859  
  NGC5659                 15.982   14.157   13.422   13.019   12.884  
  NGC5665                 13.939   12.633   12.115   11.87    11.828  
  NGC5682                 15.803   14.505   14.054   13.884   14.017  
  NGC5687                 14.909   12.946   12.199   11.742   11.536  
  NGC5684                 15.763   13.572   12.763   12.343   12.164  
  UGC09401                15.742   13.854   13.025   12.611   12.337  
  NGC5720                 15.808   14.034   13.368   13.02    12.871  
  NGC5732                 15.545   14.073   13.6     13.364   13.397  
  UGC09476                15.199   13.63    13.064   12.805   12.876  
  NGC5735                 15.527   13.724   13.059   12.81    12.87   
  UGC09492                16.221   14.274   13.439   13.022   12.825  
  UGC09518                15.811   13.957   13.134   12.72    12.452  
  UGC09542                16.306   14.565   13.926   13.622   13.554  
  NGC5772                 15.027   13.283   12.552   12.178   12.0    
  NGC5784                 15.411   13.292   12.515   12.079   11.816  
  UGC09598                16.403   14.316   13.655   13.298   13.268  
  UGC09629                16.308   14.329   13.513   13.096   12.858  
  NGC5829                 16.101   14.222   13.693   13.554   13.551  
  IC4534                  16.029   13.961   13.1     12.68    12.486  
  NGC5876                 15.281   13.307   12.488   12.075   11.896  
  NGC5888                 15.889   13.795   13.02    12.63    12.457  
  UGC09777                16.294   14.556   13.895   13.56    13.289  
  UGC09842                16.473   14.88    14.21    13.84    13.628  
  NGC5928                 15.406   13.423   12.582   12.156   11.919  
  NGC5957                 15.226   13.173   12.491   12.077   12.284  
  NGC5971                 15.903   14.277   13.622   13.292   13.194  
  IC4566                  16.067   13.91    13.119   12.728   12.691  
  NGC5980                 14.925   13.247   12.543   12.167   11.98   
  NGC6004                 16.205   13.378   12.653   12.388   12.704  
  UGC10097                15.449   13.464   12.588   12.133   11.855  
  NGC6020                 15.959   13.709   12.818   12.38    12.218  
  NGC6021                 15.904   13.815   12.987   12.555   12.295  
  IC1151                  15.105   13.544   13.093   12.873   12.828  
  NGC6032                 16.648   14.259   13.441   13.085   12.987  
  NGC6060                 15.507   13.383   12.581   12.18    12.121  
  NGC6063                 15.624   13.748   13.159   12.875   12.917  
  IC1199                  15.668   13.997   13.315   12.949   12.68   
  NGC6125                 14.939   12.991   12.169   11.736   11.517  
  UGC10337                16.499   14.613   13.819   13.409   13.154  
  NGC6132                 15.862   14.355   13.792   13.5     13.429  
  NGC6146                 15.297   13.352   12.552   12.113   11.884  
  NGC6154                 15.869   13.818   13.084   12.719   12.808  
  NGC6150                 16.063   14.035   13.186   12.756   12.508  
  NGC6155                 14.567   13.148   12.604   12.33    12.27   
  UGC10388                16.199   14.304   13.527   13.137   12.893  
  NGC6173                 15.29    13.228   12.369   11.952   11.787  
  NGC6186                 15.399   13.409   12.631   12.208   12.139  
  NGC6278                 15.306   13.077   12.197   11.734   11.468  
  UGC10693                15.735   13.591   12.745   12.342   12.186  
  UGC10695                16.092   14.151   13.309   12.882   12.71   
  NGC6301                 15.634   14.085   13.41    12.987   12.878  
  NGC6314                 15.656   13.796   12.996   12.564   12.323  
  UGC10796                16.063   14.644   14.263   14.124   14.562  
  UGC10811                16.34    14.606   13.857   13.447   13.247  
  IC1256                  15.714   14.057   13.39    13.122   12.96   
  NGC6394                 16.424   14.604   13.828   13.422   13.232  
  UGC10905                16.02    13.985   13.068   12.596   12.335  
  NGC6411                 15.353   12.987   12.124   11.663   11.621  
  NGC6427                 15.427   13.592   12.788   12.353   12.0    
  NGC6478                 15.901   14.259   13.5     13.087   13.047  
  NGC6497                 16.188   13.796   13.029   12.605   12.423  
  NGC6515                 15.744   13.719   12.899   12.476   12.287  
  UGC11228                16.078   14.038   13.209   12.675   12.453  
  UGC11262                16.981   15.157   14.633   14.396   14.649  
  NGC6762                 15.901   14.084   13.254   12.828   12.569  
  NGC6941                 15.805   13.677   12.897   12.547   12.581  
  NGC6945                 15.29    13.218   12.398   12.003   11.764  
  NGC6978                 15.834   13.794   12.98    12.537   12.333  
  UGC11649                16.303   14.009   13.146   12.734   12.618  
  NGC7047                 16.275   14.003   13.204   12.855   12.802  
  UGC11740                16.6     14.699   14.047   13.701   13.502  
  NGC7194                 15.898   13.873   12.971   12.512   12.232  
  NGC7311                 15.053   13.064   12.149   11.729   11.43   
  NGC7321                 15.526   13.629   12.937   12.559   12.416  
  UGC12127                16.437   13.879   12.942   12.521   12.303  
  NGC7364                 15.18    13.438   12.668   12.275   12.081  
  UGC12185                16.379   14.35    13.63    13.239   13.085  
  UGC12224                16.228   14.329   13.505   13.367   13.693  
  UGC12274                17.139   14.683   13.701   13.206   12.949  
  NGC7466                 16.118   14.287   13.593   13.198   13.001  
  UGC12348                17.24    14.251   13.467   13.146   13.385  
  NGC7489                 16.143   14.408   13.732   13.325   13.088  
  NGC7536                 15.47    13.881   13.255   12.941   12.818  
  NGC7550                 15.386   13.221   12.257   11.762   11.483  
  NGC7549                 16.156   14.141   13.343   12.937   12.742  
  NGC7563                 15.727   13.507   12.599   12.193   11.908  
  NGC7562                 14.756   12.582   11.649   11.16    10.86   
  NGC7591                 15.616   13.833   12.991   12.502   12.334  
  UGC12494                16.655   15.1     14.639   14.465   14.833  
  IC5309                  16.441   14.377   13.729   13.317   13.102  
  NGC7611                 15.262   13.286   12.43    11.978   11.694  
  NGC7619                 14.583   12.393   11.48    11.0     10.692  
  NGC7623                 15.546   13.588   12.719   12.265   11.967  
  NGC7631                 15.567   13.605   12.852   12.459   12.261  
  NGC7653                 15.008   13.354   12.731   12.379   12.355  
  NGC7671                 15.399   13.396   12.494   12.013   11.699  
  NGC7683                 15.462   13.307   12.395   11.908   11.592  
  NGC7691                 16.171   13.887   13.254   13.132   13.152  
  UGC12653                16.076   14.466   13.926   13.441   14.72   
  NGC7716                 14.791   12.915   12.22    11.861   11.801  
  NGC7722                 15.6     13.303   12.349   11.838   11.557  
  NGC7738                 15.829   13.854   13.023   12.611   12.41   
  UGC12810                16.183   14.212   13.575   13.277   13.368  
  UGC12816                16.008   14.481   14.043   13.894   13.914  
  NGC7782                 15.553   13.081   12.268   11.834   11.603  
  NGC7787                 16.88    14.97    14.167   13.727   13.494  
  UGC12864                16.739   14.551   13.958   13.779   14.027  
